function [wg, xig,wgl8,etag8] = GuassianQuad8points()
%% From https://keisan.casio.com/exec/system/1329114617 || Complies with Fenner/Becker
% wg =[0.101228536290380,0.222381034453370,0.313706645877890,0.362683783378360,0.362683783378400,0.313706645877890,0.222381034453370,0.101228536290380] ;
% xig = [-0.960289856497540,-0.796666477413600,-0.525532409916330,-0.183434642495650,0.183434642495650,0.525532409916300,0.796666477413630,0.960289856497540];
%% From Appendix A Pg 237 BEM Fenner
wgl8 = [0.164416605 0.237525610 0.226841984 0.175754079 0.112924030 0.05787221 0.020979074 0.003686407];
etag8 = [0.013320244 0.079750429 0.197871029 0.354153994 0.529458575 0.701814530 0.849379320 0.953326450];
%% 12 points
xig = [-0.9815606342467192506906
-0.9041172563704748566785
-0.769902674194304687037
-0.5873179542866174472967
-0.3678314989981801937527
-0.1252334085114689154724
0.1252334085114689154724
0.3678314989981801937527
0.5873179542866174472967
0.7699026741943046870369
0.9041172563704748566785
0.9815606342467192506906];

wg = [0.0471753363865118271946
0.1069393259953184309603
0.1600783285433462263347
0.2031674267230659217491
0.233492536538354808761
0.2491470458134027850006
0.2491470458134027850006
0.233492536538354808761
0.203167426723065921749
0.160078328543346226335
0.1069393259953184309603
0.0471753363865118271946];

% wg =[0.555 0.888 0.555] ;
% xig = [-0.7745 -0.0000 0.7745];

% xig = [-0.7745966692414833770359,0,0.7745966692414833770359];
% 
% 
% wg = [0.5555555555555555555556,0.8888888888888888888889,0.555555555555555555556];



% wg = [0.3478548451374538573731,
% 0.6521451548625461426269,
% 0.6521451548625461426269,
% 0.3478548451374538573731];
% xig = [-0.861136311594052575224,
% -0.3399810435848562648027,
% 0.3399810435848562648027,
% 0.861136311594052575224];
%% From Appendix A Pg 237 BEM Fenner
% wgl8 = [0.5134 0.3919 0.0946];
% etag8 = [0.0638 0.3689 0.7668];
% 



% end